
frames:
 D-BM(64) = [7,23.0,28.0,37.438,35.0,350]
 D-BM(8) = [9,23.0,27.0,31.954,32.0,410]
 D-BM(128) = [7,22.0,30.0,42.123,43.0,340]
 D-BM(32) = [7,23.0,28.0,34.778,33.0,360]
 D-BM(20) = [6,23.0,28.0,33.645,32.0,380]
 D-PFM(64) = [7,24.0,30.0,42.074,48.0,360]
 D-PFM(8) = [9,24.0,28.0,37.227,35.0,410]
 D-PFM(128) = [8,23.0,31.0,47.284,60.0,340]
 D-PFM(32) = [7,24.0,29.0,39.738,40.0,370]
 D-PFM(20) = [6,24.0,29.0,38.996,37.0,370]
 D-QPFM(64) = [10,30.0,60.0,68.882,90.0,400]
 D-QPFM(8) = [8,24.0,29.0,38.747,38.0,430]
 D-QPFM(128) = [10,30.0,70.0,80.626,120.0,380]
 D-QPFM(32) = [8,27.0,40.0,53.562,67.0,390]
 D-QPFM(20) = [8,25.0,31.0,46.584,55.0,420]
 D-QLM(64) = [9,27.0,43.0,55.49,70.0,400]
 D-QLM(8) = [8,23.0,28.0,32.839,32.0,430]
 D-QLM(128) = [10,40.0,70.0,78.495,110.0,390]
 D-QLM(32) = [8,24.0,30.0,42.363,50.0,390]
 D-QLM(20) = [8,24.0,29.0,37.75,36.0,420]
 H-BM(64) = [7,24.0,31.0,51.427,61.0,360]
 H-BM(8) = [8,23.0,28.0,35.602,33.0,370]
 H-BM(128) = [8,25.0,40.0,59.617,80.0,360]
 H-BM(32) = [7,23.0,30.0,43.977,44.0,370]
 H-BM(20) = [6,23.0,29.0,40.166,37.0,380]
 H-PFM(64) = [7,25.0,40.0,57.985,80.0,350]
 H-PFM(8) = [8,24.0,30.0,42.303,45.0,380]
 H-PFM(128) = [8,24.0,50.0,64.715,90.0,350]
 H-PFM(32) = [8,24.0,32.0,50.596,60.0,360]
 H-PFM(20) = [6,24.0,30.0,47.358,56.0,380]
 H-QPFM(64) = [10,30.0,70.0,85.297,130.0,380]
 H-QPFM(8) = [8,25.0,30.0,44.549,50.0,390]
 H-QPFM(128) = [10,30.0,60.0,75.866,110.0,370]
 H-QPFM(32) = [10,30.0,60.0,72.627,100.0,370]
 H-QPFM(20) = [9,28.0,48.0,59.748,80.0,390]
 H-QLM(64) = [10,40.0,74.0,83.92,120.0,368]
 H-QLM(8) = [8,23.0,28.0,37.532,35.0,390]
 H-QLM(128) = [10,30.0,70.0,86.374,130.0,380]
 H-QLM(32) = [10,28.0,50.0,61.958,80.0,410]
 H-QLM(20) = [9,25.0,32.0,49.824,60.0,430]

active UEs:
 D-BM(64) = [39,49.0,51.0,51.197,53.0,64]
 D-BM(8) = [4,7.0,7.0,7.199,8.0,8]
 D-BM(128) = [74,87.0,90.0,91.334,94.0,117]
 D-BM(32) = [19,25.0,27.0,26.933,28.0,32]
 D-BM(20) = [10,16.0,17.0,17.201,18.0,20]
 D-PFM(64) = [32,44.0,47.0,46.832,49.0,60]
 D-PFM(8) = [4,5.0,6.0,6.102,7.0,8]
 D-PFM(128) = [69,85.0,88.0,88.638,92.0,111]
 D-PFM(32) = [13,22.0,24.0,23.736,25.0,32]
 D-PFM(20) = [7,14.0,15.0,14.836,16.0,20]
 D-QPFM(64) = [4,24.0,30.0,29.719,35.0,60]
 D-QPFM(8) = [4,5.0,6.0,5.876,7.0,8]
 D-QPFM(128) = [17,48.0,55.0,55.157,62.0,103]
 D-QPFM(32) = [4,15.0,18.0,17.914,21.0,32]
 D-QPFM(20) = [4,11.0,13.0,12.525,14.0,20]
 D-QLM(64) = [6,30.0,36.0,35.878,42.0,61]
 D-QLM(8) = [4,7.0,7.0,7.28,8.0,8]
 D-QLM(128) = [16,46.0,53.0,52.464,59.0,82]
 D-QLM(32) = [4,20.0,23.0,22.98,26.0,32]
 D-QLM(20) = [4,14.0,16.0,15.989,18.0,20]
 H-BM(64) = [27,35.0,37.0,37.444,40.0,55]
 H-BM(8) = [4,6.0,7.0,6.638,7.0,8]
 H-BM(128) = [44,56.0,59.0,59.413,62.0,81]
 H-BM(32) = [13,20.0,22.0,21.845,23.0,30]
 H-BM(20) = [8,14.0,15.0,14.762,16.0,20]
 H-PFM(64) = [24,34.0,36.0,36.296,38.0,53]
 H-PFM(8) = [4,5.0,6.0,5.557,6.0,8]
 H-PFM(128) = [47,59.0,62.0,61.971,65.0,84]
 H-PFM(32) = [11,18.0,20.0,19.678,21.0,29]
 H-PFM(20) = [5,11.0,13.0,12.675,14.0,20]
 H-QPFM(64) = [7,22.0,26.0,25.915,29.0,50]
 H-QPFM(8) = [4,5.0,5.0,5.286,6.0,8]
 H-QPFM(128) = [36,52.0,55.0,55.225,58.0,80]
 H-QPFM(32) = [4,12.0,14.0,14.096,16.0,26]
 H-QPFM(20) = [4,9.0,10.0,10.178,12.0,19]
 H-QLM(64) = [7,21.0,25.0,24.533,28.0,42]
 H-QLM(8) = [4,6.0,7.0,6.616,7.0,8]
 H-QLM(128) = [29,43.0,46.0,46.473,50.0,68]
 H-QLM(32) = [4,14.0,16.0,16.283,19.0,27]
 H-QLM(20) = [4,11.0,13.0,12.506,14.0,20]

delays:
 D-BM(64) = [0.022,0.931,3.105,13.987,13.497,653.197]
 D-BM(8) = [0.005,0.142,0.834,2.751,2.599,73.719]
 D-BM(128) = [0.006,1.757,8.281,40.888,47.443,723.939]
 D-BM(32) = [0.01,0.606,1.79,7.001,6.444,227.828]
 D-BM(20) = [0.007,0.376,1.292,5.089,4.632,167.289]
 D-PFM(64) = [0.036,1.309,3.202,12.807,11.878,613.665]
 D-PFM(8) = [0.052,0.588,1.244,2.85,2.842,60.896]
 D-PFM(128) = [0.017,2.281,8.237,37.964,44.552,685.895]
 D-PFM(32) = [0.068,0.95,2.077,6.564,5.962,190.776]
 D-PFM(20) = [0.06,0.834,1.654,4.866,4.473,151.469]
 D-QPFM(64) = [0.412,2.489,4.304,8.86,8.997,290.449]
 D-QPFM(8) = [0.083,0.598,1.254,2.669,2.702,48.8]
 D-QPFM(128) = [1.427,6.286,10.87,20.539,23.902,341.917]
 D-QPFM(32) = [0.23,1.467,2.574,5.331,5.449,143.288]
 D-QPFM(20) = [0.145,1.055,1.928,4.096,4.152,103.324]
 D-QLM(64) = [0.034,1.776,3.454,7.868,8.133,241.019]
 D-QLM(8) = [0.004,0.221,0.906,2.522,2.578,50.272]
 D-QLM(128) = [0.538,4.194,7.33,15.254,17.038,270.515]
 D-QLM(32) = [0.023,0.943,2.106,5.032,5.206,143.726]
 D-QLM(20) = [0.009,0.644,1.512,3.947,4.174,122.973]
 H-BM(64) = [0.009,3.393,14.0,52.951,65.378,816.358]
 H-BM(8) = [0.01,0.663,1.814,5.506,5.455,119.08]
 H-BM(128) = [0.009,8.675,74.04,163.799,247.688,1265.419]
 H-BM(32) = [0.014,1.814,5.43,17.901,20.076,379.836]
 H-BM(20) = [0.014,1.18,3.493,11.621,11.715,307.228]
 H-PFM(64) = [0.023,4.146,13.873,50.446,62.595,753.511]
 H-PFM(8) = [0.152,1.069,2.125,5.179,5.209,110.229]
 H-PFM(128) = [0.021,21.383,139.142,211.279,332.744,1320.47]
 H-PFM(32) = [0.227,2.225,5.07,15.202,16.001,350.47]
 H-PFM(20) = [0.205,1.641,3.476,9.964,9.621,239.079]
 H-QPFM(64) = [0.72,9.856,18.093,30.498,38.277,608.915]
 H-QPFM(8) = [0.181,1.118,2.116,4.827,4.966,101.749]
 H-QPFM(128) = [12.364,96.091,162.967,198.532,264.736,1021.265]
 H-QPFM(32) = [0.581,3.442,6.131,11.875,13.147,217.408]
 H-QPFM(20) = [0.353,2.126,3.828,8.017,8.365,159.344]
 H-QLM(64) = [0.009,6.386,11.289,20.615,24.459,486.866]
 H-QLM(8) = [0.02,0.761,1.853,4.823,5.016,113.572]
 H-QLM(128) = [0.077,32.258,58.366,85.27,112.618,656.972]
 H-QLM(32) = [0.142,2.762,5.237,10.503,11.571,215.955]
 H-QLM(20) = [0.091,1.674,3.535,7.775,8.371,154.291]

jitters:
 D-BM(64) = [0.0,1.678,6.819,20.619,24.416,647.307]
 D-BM(8) = [0.0,0.508,1.551,4.242,5.134,73.712]
 D-BM(128) = [0.0,5.099,26.837,59.729,80.715,723.778]
 D-BM(32) = [0.0,0.933,3.271,10.156,11.658,227.742]
 D-BM(20) = [0.0,0.702,2.514,7.54,8.24,164.533]
 D-PFM(64) = [0.0,1.499,5.77,18.292,21.256,607.798]
 D-PFM(8) = [0.0,0.538,1.455,3.793,4.428,60.647]
 D-PFM(128) = [0.0,4.73,24.726,54.472,74.392,684.714]
 D-PFM(32) = [0.0,0.907,2.901,8.952,9.927,190.521]
 D-PFM(20) = [0.0,0.723,2.256,6.583,6.994,148.58]
 D-QPFM(64) = [0.0,1.354,3.888,9.902,11.167,282.638]
 D-QPFM(8) = [0.0,0.522,1.354,3.414,4.001,46.98]
 D-QPFM(128) = [0.0,3.588,10.513,21.482,27.918,331.098]
 D-QPFM(32) = [0.0,0.894,2.377,5.943,6.748,140.268]
 D-QPFM(20) = [0.0,0.688,1.932,4.769,5.236,101.488]
 D-QLM(64) = [0.0,1.294,3.793,9.458,11.193,233.746]
 D-QLM(8) = [0.0,0.491,1.452,3.67,4.488,48.619]
 D-QLM(128) = [0.0,2.577,7.636,17.006,22.054,265.379]
 D-QLM(32) = [0.0,0.892,2.496,6.254,7.384,141.465]
 D-QLM(20) = [0.0,0.7,2.144,5.179,6.071,120.168]
 H-BM(64) = [0.0,7.934,35.065,74.602,98.64,813.258]
 H-BM(8) = [0.0,0.946,3.032,8.326,10.155,118.743]
 H-BM(128) = [0.0,41.226,135.96,203.119,303.907,1262.874]
 H-BM(32) = [0.0,2.739,10.249,24.252,31.148,376.556]
 H-BM(20) = [0.0,1.808,6.201,16.293,18.824,305.326]
 H-PFM(64) = [0.0,7.372,33.418,69.092,92.539,741.565]
 H-PFM(8) = [0.0,0.843,2.654,7.017,8.245,109.797]
 H-PFM(128) = [0.0,64.547,172.11,225.496,335.577,1312.949]
 H-PFM(32) = [0.0,2.185,7.744,19.86,24.761,347.425]
 H-PFM(20) = [0.0,1.47,4.739,13.164,14.616,235.759]
 H-QPFM(64) = [0.0,5.921,16.563,29.6,38.606,579.075]
 H-QPFM(8) = [0.0,0.828,2.42,6.262,7.179,101.278]
 H-QPFM(128) = [0.0,42.245,98.315,131.121,185.899,902.776]
 H-QPFM(32) = [0.0,2.023,5.637,12.612,15.621,213.405]
 H-QPFM(20) = [0.0,1.307,3.762,9.098,10.356,151.361]
 H-QLM(64) = [0.0,3.786,10.682,21.205,26.971,467.229]
 H-QLM(8) = [0.0,0.888,2.678,6.85,8.033,110.056]
 H-QLM(128) = [0.0,18.626,48.985,73.795,103.602,602.882]
 H-QLM(32) = [0.0,1.887,5.216,11.645,14.413,213.022]
 H-QLM(20) = [0.0,1.431,4.087,9.341,10.846,146.709]

queues:
 D-BM(64) = [7,27.0,39.0,406.682,368.0,18109]
 D-BM(8) = [9,25.0,29.0,99.712,42.0,2499]
 D-BM(128) = [7,30.0,207.0,1155.167,1451.0,20682]
 D-BM(32) = [7,26.0,32.0,217.557,171.0,6699]
 D-BM(20) = [6,25.0,31.0,163.186,103.0,5121]
 D-PFM(64) = [7,28.0,57.0,373.676,325.0,17096]
 D-PFM(8) = [9,26.0,31.0,101.878,74.0,2159]
 D-PFM(128) = [8,34.0,217.0,1071.955,1358.0,19522]
 D-PFM(32) = [7,27.0,36.0,204.544,175.0,5724]
 D-PFM(20) = [6,26.0,33.0,156.195,124.0,4434]
 D-QPFM(64) = [7,52.0,105.0,261.511,266.0,8314]
 D-QPFM(8) = [8,26.0,32.0,96.615,74.0,1988]
 D-QPFM(128) = [8,147.0,288.0,581.281,672.0,9615]
 D-QPFM(32) = [7,30.0,60.0,167.534,163.0,4416]
 D-QPFM(20) = [6,28.0,48.0,133.743,122.0,3788]
 D-QLM(64) = [7,33.0,77.0,236.398,234.0,6902]
 D-QLM(8) = [8,25.0,30.0,93.001,52.0,2058]
 D-QLM(128) = [8,86.0,184.0,437.533,476.0,8035]
 D-QLM(32) = [7,27.0,45.0,160.589,144.0,4376]
 D-QLM(20) = [6,26.0,33.0,130.508,102.0,3780]
 H-BM(64) = [7,39.0,384.0,1487.177,1912.0,22158]
 H-BM(8) = [8,26.0,32.0,175.544,151.0,3779]
 H-BM(128) = [8,231.0,2154.0,4613.884,7002.0,35738]
 H-BM(32) = [7,29.0,105.0,515.667,588.0,10656]
 H-BM(20) = [6,27.0,46.0,341.649,331.0,8787]
 H-PFM(64) = [7,69.0,394.0,1412.039,1826.0,20725]
 H-PFM(8) = [8,27.0,37.0,165.449,158.0,3559]
 H-PFM(128) = [8,647.0,3967.0,5956.424,9416.0,37158]
 H-PFM(32) = [8,31.0,111.0,439.551,471.0,9816]
 H-PFM(20) = [6,29.0,64.0,294.679,284.0,7346]
 H-QPFM(64) = [7,235.0,492.0,849.951,1102.0,16994]
 H-QPFM(8) = [8,27.0,45.0,155.773,148.0,3349]
 H-QPFM(128) = [16,2727.0,4594.0,5577.578,7423.0,28128]
 H-QPFM(32) = [8,61.0,151.0,346.389,386.0,6316]
 H-QPFM(20) = [6,35.0,86.0,239.606,251.0,5106]
 H-QLM(64) = [7,126.0,294.0,582.27,712.0,13664]
 H-QLM(8) = [8,26.0,33.0,156.17,138.0,3787]
 H-QLM(128) = [11,872.0,1658.0,2376.296,3176.0,18148]
 H-QLM(32) = [7,48.0,118.0,310.225,341.0,6328]
 H-QLM(20) = [6,30.0,70.0,234.044,246.0,4966]
