
delays:
 H-QPFM-M(2) = [0.036,0.825,1.976,4.874,5.495,78.947]
 H-QPFM-M(5) = [15.534,102.035,162.616,172.69,230.998,536.496]
 H-QPFM-M(8) = [0.24,3.535,6.499,12.142,13.783,241.692]
 H-QPFM-M(16) = [2.705,19.304,32.61,43.363,58.001,321.435]
 H-QPFM-M(32) = [27.9,109.675,163.553,177.865,230.41,569.173]

jitters:
 H-QPFM-M(2) = [0.001,0.96,2.993,6.162,6.759,77.923]
 H-QPFM-M(5) = [0.001,40.35,82.06,100.469,147.678,406.427]
 H-QPFM-M(8) = [0.0,2.339,6.103,12.842,15.125,238.627]
 H-QPFM-M(16) = [0.0,9.305,23.365,33.348,47.203,301.996]
 H-QPFM-M(32) = [0.0,32.326,71.273,87.205,127.011,460.391]

queues:
 H-QPFM-M(2) = [10,27.0,36.0,161.239,150.0,3125]
 H-QPFM-M(5) = [894,9035.0,14027.0,14994.156,19959.0,44956]
 H-QPFM-M(8) = [7,68.0,159.0,344.781,390.0,6986]
 H-QPFM-M(16) = [15,506.0,888.0,1209.32,1655.0,9519]
 H-QPFM-M(32) = [518,3197.0,4724.0,5127.375,6626.0,16196]

delays:
 H-QPFM-M(2) = [0.07,1.232,2.473,4.511,4.758,61.109]
 H-QPFM-M(4) = [15.534,102.035,162.616,172.69,230.998,536.496]
 H-QPFM-M(8) = [0.326,3.983,7.527,13.977,16.159,189.321]
 H-QPFM-M(16) = [1.038,21.794,44.887,66.579,90.479,487.347]

jitters:
 H-QPFM-M(2) = [0.0,0.866,2.157,4.772,5.167,59.3]
 H-QPFM-M(4) = [0.001,40.35,82.06,100.469,147.678,406.427]
 H-QPFM-M(8) = [0.0,2.77,7.489,15.059,18.937,184.847]
 H-QPFM-M(16) = [0.0,17.326,42.642,63.26,90.266,451.089]

queues:
 H-QPFM-M(2) = [10,29.0,49.0,144.691,155.0,2445]
 H-QPFM-M(4) = [894,9035.0,14027.0,14994.156,19959.0,44956]
 H-QPFM-M(8) = [8,77.0,182.0,400.844,467.0,5717]
 H-QPFM-M(16) = [11,590.0,1294.5,1884.371,2618.0,13117]
