
frames:
 H-BM(16) = [8,20.0,30.0,45.951,60.0,350]
 H-BM(2) = [8,24.0,29.0,39.854,36.0,360]
 H-BM(32) = [8,20.0,30.0,44.519,60.0,330]
 H-BM(8) = [7,22.0,29.0,42.119,42.0,360]
 H-BM(4) = [6,23.0,29.0,40.166,37.0,380]
 H-PFM(16) = [8,20.0,30.0,47.183,60.0,360]
 H-PFM(2) = [9,26.0,33.0,51.775,61.5,380]
 H-PFM(32) = [10,20.0,30.0,43.868,60.0,300]
 H-PFM(8) = [7,22.0,30.0,44.943,50.0,390]
 H-PFM(4) = [6,24.0,30.0,47.358,56.0,380]
 H-QPFM(16) = [10,20.0,50.0,60.453,90.0,360]
 H-QPFM(2) = [8,29.0,50.0,61.162,80.0,370]
 H-QPFM(32) = [10,20.0,40.0,46.898,70.0,290]
 H-QPFM(8) = [10,26.0,50.0,60.34,80.0,400]
 H-QPFM(4) = [9,28.0,48.0,59.748,80.0,390]
 H-QLM(16) = [10,20.0,50.0,61.372,90.0,360]
 H-QLM(2) = [8,25.0,31.0,46.136,54.0,370]
 H-QLM(32) = [10,20.0,40.0,49.012,70.0,300]
 H-QLM(8) = [7,25.0,40.0,55.333,70.0,410]
 H-QLM(4) = [9,25.0,32.0,49.824,60.0,430]

active UEs:
 H-BM(16) = [52,61.0,64.0,64.067,66.0,78]
 H-BM(2) = [2,6.0,7.0,7.034,8.0,10]
 H-BM(32) = [108,127.0,131.0,131.622,135.0,157]
 H-BM(8) = [21,29.0,31.0,31.104,33.0,40]
 H-BM(4) = [8,14.0,15.0,14.762,16.0,20]
 H-PFM(16) = [52,64.0,66.0,66.24,69.0,78]
 H-PFM(2) = [2,5.0,5.0,5.449,6.0,10]
 H-PFM(32) = [119,136.0,139.0,139.593,143.0,156]
 H-PFM(8) = [19,28.0,30.0,29.95,32.0,40]
 H-PFM(4) = [5,11.0,13.0,12.675,14.0,20]
 H-QPFM(16) = [32,51.0,54.0,53.878,57.0,72]
 H-QPFM(2) = [2,4.0,5.0,4.634,6.0,10]
 H-QPFM(32) = [116,130.0,133.0,133.481,137.0,154]
 H-QPFM(8) = [11,21.0,23.0,22.939,25.0,36]
 H-QPFM(4) = [4,9.0,10.0,10.178,12.0,19]
 H-QLM(16) = [33,46.0,49.0,49.381,52.0,67]
 H-QLM(2) = [2,5.0,6.0,6.348,8.0,10]
 H-QLM(32) = [99,116.0,119.0,120.044,124.0,147]
 H-QLM(8) = [12,22.0,25.0,24.593,27.0,37]
 H-QLM(4) = [4,11.0,13.0,12.506,14.0,20]

delays:
 H-BM(16) = [0.024,6.349,33.251,81.35,115.386,931.469]
 H-BM(2) = [0.013,1.037,2.67,7.426,7.153,242.801]
 H-BM(32) = [0.043,88.102,231.768,274.57,411.136,1332.227]
 H-BM(8) = [0.013,2.026,6.379,22.2,24.804,539.689]
 H-BM(4) = [0.014,1.18,3.493,11.621,11.715,307.228]
 H-PFM(16) = [0.022,7.874,42.226,94.041,135.496,955.23]
 H-PFM(2) = [0.332,1.758,3.064,6.416,6.188,190.201]
 H-PFM(32) = [0.035,136.805,292.272,329.966,484.219,1354.887]
 H-PFM(8) = [0.046,2.251,6.06,20.8,22.619,481.446]
 H-PFM(4) = [0.205,1.641,3.476,9.964,9.621,239.079]
 H-QPFM(16) = [0.44,14.106,33.605,63.918,84.374,729.223]
 H-QPFM(2) = [0.443,1.876,3.012,5.294,5.456,137.857]
 H-QPFM(32) = [4.931,133.536,266.404,306.166,429.428,1090.832]
 H-QPFM(8) = [0.352,3.471,6.83,14.816,16.07,261.086]
 H-QPFM(4) = [0.353,2.126,3.828,8.017,8.365,159.344]
 H-QLM(16) = [0.12,9.401,20.232,40.656,51.824,487.314]
 H-QLM(2) = [0.049,1.328,2.643,5.127,5.472,133.369]
 H-QLM(32) = [0.835,90.723,202.137,245.508,356.625,1167.245]
 H-QLM(8) = [0.124,2.952,5.917,12.922,14.078,261.164]
 H-QLM(4) = [0.091,1.674,3.535,7.775,8.371,154.291]

jitters:
 H-BM(16) = [0.0,17.869,63.712,104.529,151.95,925.105]
 H-BM(2) = [0.0,1.378,3.907,9.985,11.27,237.432]
 H-BM(32) = [0.0,79.854,182.609,228.369,331.988,1165.828]
 H-BM(8) = [0.0,3.404,12.643,30.229,39.179,526.005]
 H-BM(4) = [0.0,1.808,6.201,16.293,18.824,305.326]
 H-PFM(16) = [0.0,22.117,74.798,117.534,170.818,949.074]
 H-PFM(2) = [0.0,1.091,2.901,7.308,7.621,183.318]
 H-PFM(32) = [0.0,87.139,193.063,239.532,344.076,1226.254]
 H-PFM(8) = [0.0,2.964,11.342,27.923,36.041,460.394]
 H-PFM(4) = [0.0,1.47,4.739,13.164,14.616,235.759]
 H-QPFM(16) = [0.0,14.286,41.957,71.162,98.795,715.891]
 H-QPFM(2) = [0.0,0.898,2.239,5.227,5.595,131.306]
 H-QPFM(32) = [0.002,85.488,180.468,217.941,310.459,951.624]
 H-QPFM(8) = [0.0,2.597,7.528,16.922,21.63,256.801]
 H-QPFM(4) = [0.0,1.307,3.762,9.098,10.356,151.361]
 H-QLM(16) = [0.0,8.475,25.302,45.796,62.538,481.519]
 H-QLM(2) = [0.0,1.041,2.582,5.854,6.38,125.236]
 H-QLM(32) = [0.0,65.553,150.04,190.491,276.651,1071.281]
 H-QLM(8) = [0.0,2.321,6.573,14.973,19.017,258.868]
 H-QLM(4) = [0.0,1.431,4.087,9.341,10.846,146.709]

queues:
 H-BM(16) = [8,118.0,984.0,2275.985,3237.0,27384]
 H-BM(2) = [8,27.0,35.0,226.841,217.0,7159]
 H-BM(32) = [8,2518.0,6598.0,7744.734,11643.0,37807]
 H-BM(8) = [7,30.0,142.0,631.276,743.0,15222]
 H-BM(4) = [6,27.0,46.0,341.649,331.0,8787]
 H-PFM(16) = [8,176.0,1245.0,2632.997,3815.0,28094]
 H-PFM(2) = [9,29.0,59.0,197.168,206.0,5558]
 H-PFM(32) = [9,3936.0,8310.0,9315.469,13676.0,38417]
 H-PFM(8) = [7,31.0,143.0,591.797,676.0,13692]
 H-PFM(4) = [6,29.0,64.0,294.679,284.0,7346]
 H-QPFM(16) = [10,350.0,958.0,1779.792,2404.0,20579]
 H-QPFM(2) = [8,31.0,67.0,164.925,178.0,4038]
 H-QPFM(32) = [19,3831.0,7547.0,8631.004,12135.0,30097]
 H-QPFM(8) = [7,58.0,168.0,426.262,483.0,7337]
 H-QPFM(4) = [6,35.0,86.0,239.606,251.0,5106]
 H-QLM(16) = [9,206.0,564.0,1132.369,1526.0,13714]
 H-QLM(2) = [8,28.0,52.0,161.432,167.0,3899]
 H-QLM(32) = [10,2613.0,5745.0,6917.952,10038.0,33427]
 H-QLM(8) = [7,48.0,138.0,375.046,424.0,7343]
 H-QLM(4) = [6,30.0,70.0,234.044,246.0,4966]
